letters
numbers<-c("a"=1,"b"=2,"c"=3,"d"=4,"e"=5,"f"=6,"g"=7,"h"=8,"j"=9,"k"=10,"l"=11,"m"=12,"n"=13,"p"=14,"q"=15,"r"=16,"s"=17,"t"=18,"u"=19,"v"=20,"w"=21,"x"=22,"y"=23,"z"=24)
numbers
numbers=24
n<-c(1:999)
n
x<-c(24*n)
x

